9.6133e-01 1.8040e-02 2.0625e-02
7.9030e-02 9.0457e-01 1.6403e-02
1.4908e-01 2.3208e-01 6.1884e-01
9.1489e-01 7.7860e-02 7.2503e-03
9.9845e-01 9.8317e-04 5.7007e-04
9.9858e-01 8.3748e-04 5.8102e-04
4.4884e-01 5.3162e-01 1.9535e-02
3.9306e-02 3.3131e-01 6.2938e-01
9.8071e-01 1.5505e-02 3.7849e-03
9.7815e-01 1.9911e-02 1.9341e-03
9.0399e-01 8.1949e-02 1.4065e-02
8.8560e-01 1.0985e-01 4.5485e-03
6.4563e-01 3.2235e-01 3.2026e-02
8.5942e-01 1.2006e-01 2.0520e-02
2.6946e-01 6.6062e-01 6.9920e-02
4.3697e-01 3.6953e-01 1.9350e-01
9.6717e-01 2.8791e-02 4.0372e-03
9.1513e-01 7.7016e-02 7.8534e-03
9.9425e-01 3.3372e-03 2.4090e-03
8.6680e-01 1.1605e-01 1.7150e-02
9.9407e-01 4.3346e-03 1.5929e-03
1.3859e-01 8.3609e-01 2.5311e-02
9.9137e-01 6.4353e-03 2.1922e-03
8.7839e-01 1.1554e-01 6.0691e-03
8.9776e-01 9.6632e-02 5.6040e-03
9.8821e-01 9.1400e-03 2.6524e-03
8.9111e-01 1.0194e-01 6.9448e-03
9.9105e-01 7.1966e-03 1.7541e-03
9.9556e-01 3.5843e-03 8.5303e-04
9.6044e-01 3.6279e-02 3.2777e-03
9.9147e-01 7.4355e-03 1.0934e-03
9.9126e-01 6.6989e-03 2.0406e-03
9.4326e-01 4.8461e-02 8.2746e-03
8.8267e-01 1.0680e-01 1.0534e-02
8.3164e-01 1.5613e-01 1.2234e-02
9.6594e-01 2.1689e-02 1.2372e-02
3.0911e-03 9.8303e-01 1.3876e-02
8.9545e-01 9.8042e-02 6.5051e-03
8.1059e-01 1.7273e-01 1.6672e-02
5.1883e-01 4.6712e-01 1.4048e-02
9.6777e-01 2.8912e-02 3.3165e-03
9.5419e-02 6.4635e-01 2.5823e-01
9.2497e-01 6.8457e-02 6.5752e-03
8.7889e-02 6.4183e-01 2.7028e-01
2.9922e-01 6.6586e-01 3.4919e-02
9.9263e-01 5.6066e-03 1.7665e-03
9.9227e-01 6.2990e-03 1.4307e-03
6.4867e-01 3.0666e-01 4.4667e-02
9.9122e-01 5.0581e-03 3.7225e-03
9.6943e-01 2.4978e-02 5.5908e-03
1.0716e-01 8.2824e-01 6.4597e-02
9.3408e-01 5.4397e-02 1.1520e-02
8.2675e-01 1.5294e-01 2.0316e-02
9.9781e-01 1.4173e-03 7.6846e-04
6.7664e-01 2.9046e-01 3.2906e-02
2.5201e-02 7.1607e-01 2.5873e-01
2.5299e-02 4.6562e-01 5.0909e-01
1.5396e-01 8.1603e-01 3.0011e-02
3.9293e-01 5.7400e-01 3.3072e-02
9.9847e-01 1.0889e-03 4.4030e-04
9.9629e-01 2.5687e-03 1.1437e-03
9.7486e-01 2.0145e-02 4.9962e-03
9.9287e-01 5.2847e-03 1.8444e-03
6.3193e-02 4.5478e-01 4.8203e-01
8.4324e-01 1.1497e-01 4.1780e-02
2.9261e-01 6.6963e-01 3.7759e-02
3.0362e-01 3.3119e-01 3.6519e-01
8.1550e-02 8.4024e-01 7.8212e-02
9.8583e-01 1.2450e-02 1.7154e-03
9.9726e-01 1.8730e-03 8.6422e-04
9.9887e-01 8.5074e-04 2.8196e-04
9.9736e-01 2.2174e-03 4.2480e-04
7.2874e-01 2.5799e-01 1.3269e-02
9.9736e-01 2.2463e-03 3.9800e-04
8.8030e-01 9.0306e-02 2.9395e-02
9.9406e-01 4.2567e-03 1.6793e-03
9.4487e-01 3.9824e-02 1.5304e-02
2.1174e-01 7.6795e-01 2.0313e-02
9.2761e-01 6.5524e-02 6.8704e-03
6.4964e-01 3.3343e-01 1.6935e-02
2.7889e-01 6.9351e-01 2.7603e-02
8.0996e-01 1.8298e-01 7.0635e-03
3.0077e-01 6.8518e-01 1.4054e-02
9.6618e-01 2.6536e-02 7.2828e-03
7.5190e-02 9.1265e-01 1.2162e-02
9.8480e-01 1.4176e-02 1.0280e-03
9.8810e-01 9.9823e-03 1.9180e-03
9.9591e-01 2.8298e-03 1.2601e-03
3.7650e-02 8.0328e-01 1.5907e-01
1.1642e-02 9.7582e-01 1.2539e-02
1.0143e-01 8.7268e-01 2.5890e-02
2.8725e-02 7.5054e-01 2.2074e-01
8.9259e-01 1.0374e-01 3.6729e-03
8.5032e-01 1.4036e-01 9.3269e-03
4.7914e-02 8.5460e-01 9.7489e-02
6.5022e-02 6.7386e-01 2.6112e-01
9.4875e-01 4.6790e-02 4.4644e-03
6.3615e-01 3.4792e-01 1.5933e-02
6.1907e-01 3.6973e-01 1.1194e-02
9.0969e-01 8.6623e-02 3.6833e-03
9.8852e-01 9.7384e-03 1.7371e-03
9.9634e-01 2.8639e-03 8.0028e-04
7.2496e-01 2.4891e-01 2.6138e-02
7.9875e-01 1.7881e-01 2.2440e-02
8.8646e-01 1.0210e-01 1.1435e-02
2.8586e-01 7.0983e-01 4.3133e-03
7.6011e-01 2.3155e-01 8.3372e-03
2.6450e-01 5.6571e-01 1.6980e-01
2.5704e-01 7.3084e-01 1.2114e-02
1.0502e-01 8.7635e-01 1.8634e-02
7.4474e-01 2.4367e-01 1.1596e-02
7.9064e-01 1.9534e-01 1.4012e-02
1.7868e-02 8.0960e-01 1.7253e-01
9.7198e-01 1.6980e-02 1.1043e-02
3.7567e-01 5.7685e-01 4.7482e-02
9.8432e-01 9.2804e-03 6.4017e-03
